	0	1	2	3	4	5	6	7	8	9	10	11	12	13	14	15	16	17	18	19	20	21	22	23	24	25	26	27	28	29	30	31	32	33	34	35	36	37	38	39	40
N=1	-0.8835	-0.964207	-1.054396	-1.154427	-1.264471	-1.384488	-1.514223	-1.653225	-1.800872	-1.95642	-2.119048	-2.287909	-2.462166	-2.641031	-2.82378	-3.009769	-3.198438	-3.389304	-3.581964	-3.776077	-3.971366	-4.1676	-4.364595	-4.562198	-4.760289	-4.958768	-5.157558	-5.356595	-5.55583	-5.755221	-5.954737	-6.154352	-6.354046	-6.553803	-6.75361	-6.953457	-7.153335	-7.353238	-7.553161	-7.7531	-7.953052
N=2	-1.165974	-1.271947	-1.387234	-1.511789	-1.645396	-1.787661	-1.938035	-2.095847	-2.260345	-2.430742	-2.606257	-2.786147	-2.969729	-3.156393	-3.345606	-3.536911	-3.729922	-3.924318	-4.119832	-4.316248	-4.513386	-4.711104	-4.909286	-5.107839	-5.306687	-5.50577	-5.705041	-5.904461	-6.104	-6.303634	-6.503343	-6.703112	-6.902928	-7.102782	-7.302666	-7.502574	-7.702501	-7.902442	-8.102396	-8.30236	-8.50233
N=3	-1.359332	-1.47329	-1.59642	-1.728643	-1.86965	-2.018935	-2.175836	-2.33959	-2.509391	-2.684434	-2.863953	-3.047245	-3.233682	-3.422718	-3.613884	-3.806787	-4.001098	-4.196545	-4.392908	-4.590005	-4.787691	-4.985847	-5.184379	-5.38321	-5.582281	-5.781542	-5.980954	-6.180487	-6.380115	-6.57982	-6.779586	-6.979399	-7.179251	-7.379134	-7.57904	-7.778966	-7.978907	-8.17886	-8.378823	-8.578793	-8.77877
N=4	-1.481091	-1.597421	-1.723589	-1.859275	-2.003937	-2.156865	-2.317242	-2.4842	-2.65687	-2.834425	-3.016102	-3.201219	-3.389182	-3.57948	-3.771682	-3.965429	-4.160425	-4.356426	-4.553234	-4.750688	-4.94866	-5.147045	-5.34576	-5.544737	-5.743924	-5.943278	-6.142764	-6.342355	-6.54203	-6.741772	-6.941567	-7.141405	-7.341275	-7.541172	-7.741091	-7.941026	-8.140974	-8.340933	-8.540901	-8.740875	-8.940854
