	0	1	2	3	4	5	6	7	8	9	10	11	12	13	14	15	16	17	18	19	20	21	22	23	24	25	26	27	28	29	30	31	32	33	34	35	36	37	38	39	40
N=1	-0.791897	-0.850612	-0.914118	-0.98224	-1.054714	-1.131207	-1.211338	-1.294701	-1.380888	-1.469503	-1.56018	-1.652587	-1.746432	-1.84146	-1.937458	-2.034245	-2.13167	-2.229611	-2.327966	-2.426653	-2.525607	-2.624774	-2.72411	-2.823582	-2.923162	-3.022828	-3.122563	-3.222352	-3.322184	-3.422051	-3.521945	-3.621861	-3.721794	-3.821741	-3.921698	-4.021665	-4.121638	-4.221617	-4.3216	-4.421587	-4.521576
N=2	-1.078452	-1.152765	-1.230712	-1.31198	-1.396223	-1.483087	-1.572223	-1.6633	-1.756014	-1.850095	-1.945307	-2.041447	-2.138344	-2.235855	-2.333863	-2.432271	-2.531	-2.629987	-2.729179	-2.828536	-2.928024	-3.027617	-3.127293	-3.227036	-3.326831	-3.426668	-3.526539	-3.626436	-3.726355	-3.82629	-3.926238	-4.026197	-4.126165	-4.226139	-4.326118	-4.426102	-4.526089	-4.626079	-4.726071	-4.826064	-4.926059
