	0	1	2	3	4	5	6	7	8	9	10	11	12	13	14	15	16	17	18	19	20	21	22	23	24	25	26	27	28	29	30	31	32	33	34	35	36	37	38	39	40
N=1	-0.946674	-1.046286	-1.160781	-1.291591	-1.439895	-1.60646	-1.791444	-1.994204	-2.21313	-2.44555	-2.687771	-2.935308	-3.183273	-3.426899	-3.66205	-3.885618	-4.095706	-4.291593	-4.473527	-4.642443	-4.799678	-4.946737	-5.085128	-5.216258	-5.341384	-5.46159	-5.577796	-5.690766	-5.801129	-5.909399	-6.015992	-6.121243	-6.225424	-6.328751	-6.431397	-6.533502	-6.635175	-6.736505	-6.837562	-6.938402	-7.039069
N=2	-1.430469	-1.576016	-1.7381	-1.917614	-2.114676	-2.328336	-2.556399	-2.79544	-3.041026	-3.288154	-3.531808	-3.767541	-3.991935	-4.202834	-4.39935	-4.581654	-4.750683	-4.907817	-5.054625	-5.192676	-5.323429	-5.448177	-5.568027	-5.683911	-5.796599	-5.906721	-6.014788	-6.121212	-6.226325	-6.330392	-6.433627	-6.536199	-6.638244	-6.739869	-6.84116	-6.942186	-7.043002	-7.143649	-7.244164	-7.344573	-7.444898
